data,stato,codice_regione,denominazione_regione,lat,long,ricoverati_con_sintomi,terapia_intensiva,totale_ospedalizzati,isolamento_domiciliare,totale_positivi,variazione_totale_positivi,nuovi_positivi,dimessi_guariti,deceduti,casi_da_sospetto_diagnostico,casi_da_screening,totale_casi,tamponi,casi_testati,note,ingressi_terapia_intensiva,note_test,note_casi,totale_positivi_test_molecolare,totale_positivi_test_antigenico_rapido,tamponi_test_molecolare,tamponi_test_antigenico_rapido,codice_nuts_1,codice_nuts_2
2022-02-18T17:00:00,ITA,13,Abruzzo,42.35122196,13.39843823,456,20,476,90601,91077,509,1549,157326,2912,,,251315,4894539,1157372,"Dal totale dei positivi sono stati eliminati 6 casi in quanto non pazienti covid, 2 casi in quanto diagnosticati da antigenico e non confermati da molecolare e 1 caso in quanto già segnalato da altra regione.",0,,,152268,99047,2026645,2867894,ITF,ITF1
2022-02-18T17:00:00,ITA,17,Basilicata,40.63947052,15.80514834,103,1,104,19691,19795,-45,618,57724,735,,,78254,776326,301339,"Il numero totale dei decessi ne comprende n. 28 a carico di pazienti non residenti, deceduti in strutture ospedaliere della Regione Basilicata. ",0,,,56921,21333,607788,168538,ITF,ITF5
2022-02-18T17:00:00,ITA,18,Calabria,38.90597598,16.59440194,350,24,374,47375,47749,218,1491,150847,2031,,,200627,2190992,1685324,,1,,,159636,40991,1470268,720724,ITF,ITF6
2022-02-18T17:00:00,ITA,15,Campania,40.83956555,14.25084984,1038,63,1101,157531,158632,-3137,5510,999619,9623,,,1167874,13411917,4532997,,6,,"a seguito delle verifiche quotidiane si evince che 4 decessi registrati oggi, risalgono ad un periodo compreso tra il 20/12/2021 e il 15/02/2022",839254,328620,7936547,5475370,ITF,ITF3
2022-02-18T17:00:00,ITA,08,Emilia-Romagna,44.49436681,11.3417208,1769,96,1865,60621,62486,-3868,3448,1082852,15705,,,1161043,14321034,2617076,"Sono stati eliminati 5 casi, comunicati nei giorni precedenti, in quanto giudicati non casi COVID-19.",7,,,840860,320183,8364031,5957003,ITH,ITH5
2022-02-18T17:00:00,ITA,06,Friuli Venezia Giulia,45.6494354,13.76813649,350,20,370,25581,25951,-1095,994,271109,4695,,,301755,5654964,1077646,Il totale dei casi positivi è stato ridotto di 8 a seguito di 3 tamponi molecolari negativi dopo test antigenico positivo (1 caso relativo alla provincia di UD e 2 casi relativi alla provincia di PN) e a seguito di 5 test positivi rimossi dopo revisione dei casi (5 casi relativi alla provincia di PN).		,2,,,180198,121557,3024684,2630280,ITH,ITH4
2022-02-18T17:00:00,ITA,12,Lazio,41.89277044,12.48366722,1739,158,1897,202985,204882,-6208,6410,812813,10273,,,1027968,17243956,5352887,,8,,,813581,214387,7976722,9267234,ITI,ITI4
2022-02-18T17:00:00,ITA,07,Liguria,44.41149315,8.9326992,486,26,512,18909,19421,-1055,1375,310186,5049,,,334656,4677129,1218065,"Si precisa che nel flusso informativo degli ospedalizzati in Area Medica e Terapia Intensiva sono conteggiati tutti i pazienti SARS-CoV2 positivi ricoverati sia per patologia Covid-19 correlata sia per altre causa. Inoltre, si fa presente che i pazienti attualmente ospedalizzati per patologia non Covid-19 correlata ammontano a circa il 30% del totale degli ospedalizzati positivi per SARS-CoV2.",4,,*di cui  8927 reinfezioni a partire dal 3/09/2021 [circ. min sal. n.37911 del 20/08/2021].,211052,123604,2254529,2422600,ITC,ITC3
2022-02-18T17:00:00,ITA,03,Lombardia,45.46679409,9.190347404,1523,155,1678,146847,148525,-4264,5413,2102814,38237,,,2289576,32409589,7759488,,2,,,1311166,978410,14877414,17532175,ITC,ITC4
2022-02-18T17:00:00,ITA,11,Marche,43.61675973,13.5188753,285,33,318,24427,24745,-18,1873,284852,3538,,,313135,2672818,1698582,,2,,,199694,113441,1893977,778841,ITI,ITI3
2022-02-18T17:00:00,ITA,14,Molise,41.55774754,14.65916051,36,4,40,6892,6932,-74,300,29115,560,,,36607,466331,414217,,0,,,22009,14598,364013,102318,ITF,ITF2
2022-02-18T17:00:00,ITA,21,P.A. Bolzano,46.49933453,11.35662422,85,6,91,8483,8574,-400,820,172965,1396,,,182935,3593660,617716,"820 nuovi positivi di cui 8 test antigenici confermati da test molecolare e 706 test antigenici. A questi sono stati sottratti 1 storni di pazienti positivi al test antigenico ma negativi a test molecolare eseguito entro 3 giorni, per un totale netto di 705 positivi a test antigenico comunicati",0,,,89185,93750,839429,2754231,ITH,ITH1
2022-02-18T17:00:00,ITA,22,P.A. Trento,46.06893511,11.12123097,80,7,87,5583,5670,-507,426,128718,1508,,,135896,2345799,528668,La P.A. di Trento comunica che il numero di infezioni è stato ridotto di 44 a seguito di revisione dei casi.,0,,,42293,93603,819489,1526310,ITH,ITH2
2022-02-18T17:00:00,ITA,01,Piemonte,45.0732745,7.680687483,1314,54,1368,55494,56862,-2283,2569,888710,12936,,,958508,14886043,3682383,,3,,,471035,487473,4654163,10231880,ITC,ITC1
2022-02-18T17:00:00,ITA,16,Puglia,41.12559576,16.86736689,722,62,784,88952,89736,-1496,4269,603495,7530,,,700761,8460925,2070079,,4,,,433879,266882,3915824,4545101,ITF,ITF4
2022-02-18T17:00:00,ITA,20,Sardegna,39.21531192,9.110616306,371,26,397,35827,36224,-211,1812,125433,1979,,,163636,3670042,1437176,,3,,"L'incremento dei nuovi casi tiene conto anche dei casi diagnosticati con test antigenico, ai sensi di quando disposto con Ordinanza n. 2 del 3 febbraio 2022 del Presidente della Regione Sardegna. Pertanto si specifica che dei 1812 casi dichiarati oggi, 1476 sono stati diagnosticati da tampone antigenico Si segnala il decesso dei paz.:  - 1 uomo 71 aa Residente nella Città Metropolitana di Cagliari  - 1 uomo 80 aa Residente nella Città Metropolitana di Cagliari  - 1 uomo 80 aa Residente nella Città Metropolitana di Cagliari  - 1 donna 61 aa Residente nella Città Metropolitana di Cagliari  - 1 uomo 93 aa Residente nella Città Metropolitana di Cagliari  - 1 uomo 64 aa Residente nella Provincia di Sassari  - 1 donna 93 aa Residente nella Provincia di Sassari  - 1 donna 86 aa Residente nella Provincia di Sassari  - 1 deceduto nella Provincia di Nuoro",138850,24786,1746459,1923583,ITG,ITG2
2022-02-18T17:00:00,ITA,19,Sicilia,38.11569725,13.3623567,1200,97,1297,248799,250096,-1179,5594,481300,9217,,,740613,10500440,4939603,DECEDUTI: N. 13 IL 17/02/2022 - N. 13 IL 16/02/2022 - N. 2 IL 15/02/2022 - N. 1 IL 14/02/2022 - N. 2 IL 12/02/2022 - N. 1 IL 06/02/2022,2,,"Sul numero complessivo dei casi confermati comunicati in data odierna, n. 104 sono relativi a giorni precedenti al 15/02/22			",475239,265374,4318074,6182366,ITG,ITG1
2022-02-18T17:00:00,ITA,09,Toscana,43.76923077,11.25588885,978,66,1044,53483,54527,-3508,3324,767990,8767,,,831284,11934369,4301432,,2,,,544228,287056,6289203,5645166,ITI,ITI1
2022-02-18T17:00:00,ITA,10,Umbria,43.10675841,12.38824698,180,10,190,12082,12272,-420,911,162907,1709,,,176888,3624155,648001,"- Si fa presente che 2 dei ricoveri non UTI appartengono ai codici disciplina di Ostetricia & Ginecologia e Pediatria. - Si fa presente che 11 dei ricoveri non UTI appartengono ad altri codici disciplina. - Si fa presente che 2 dei decessi comunicati in data odierna, non fanno riferimento alle 24 ore precedenti.",1,,,115653,61235,1505665,2118490,ITI,ITI2
2022-02-18T17:00:00,ITA,02,Valle d'Aosta,45.73750286,7.320149366,30,3,33,1631,1664,-82,46,28842,517,,,31023,460179,127055,,0,,,13868,17155,133816,326363,ITC,ITC2
2022-02-18T17:00:00,ITA,05,Veneto,45.43490485,12.33845213,853,56,909,77393,78302,-4963,4910,1200763,13679,,,1292744,25086480,4520140,Nei valori riportati per le terapie intensive si è verificato un disallineamento temporale del flusso informativo pertanto per convenzione è stato riportato  8 dimessi da TI  invece del n. 6 effettivi che include anche i negativizzati.,5,,,737450,555294,9209659,15876821,ITH,ITH3
