data,stato,codice_regione,denominazione_regione,lat,long,ricoverati_con_sintomi,terapia_intensiva,totale_ospedalizzati,isolamento_domiciliare,totale_positivi,variazione_totale_positivi,nuovi_positivi,dimessi_guariti,deceduti,casi_da_sospetto_diagnostico,casi_da_screening,totale_casi,tamponi,casi_testati,note,ingressi_terapia_intensiva,note_test,note_casi,totale_positivi_test_molecolare,totale_positivi_test_antigenico_rapido,tamponi_test_molecolare,tamponi_test_antigenico_rapido,codice_nuts_1,codice_nuts_2
2022-02-23T17:00:00,ITA,13,Abruzzo,42.35122196,13.39843823,417,14,431,68730,69161,-23916,1639,186276,2940,,,258377,4962850,1161885,Dal totale dei positivi sono stati eliminati 20 casi dei quali: 16 in quanto duplicati e 4 in quanto non paziente covid.,0,,,155106,103271,2046930,2915920,ITF,ITF1
2022-02-23T17:00:00,ITA,17,Basilicata,40.63947052,15.80514834,108,2,110,19731,19841,-22,514,60424,742,,,81007,792524,304438,"Il numero totale dei decessi ne comprende n. 29 a carico di pazienti non residenti, deceduti in strutture ospedaliere della Regione Basilicata. ",1,,,57468,23539,611776,180748,ITF,ITF5
2022-02-23T17:00:00,ITA,18,Calabria,38.90597598,16.59440194,320,26,346,45711,46057,-483,1656,160309,2064,,,208430,2234612,1711835,,3,,L'ASP di Catanzaro comunica 148 nuovi soggetti positivi di cui 2 fuori regione ,161736,46694,1484960,749652,ITF,ITF6
2022-02-23T17:00:00,ITA,15,Campania,40.83956555,14.25084984,911,59,970,143495,144465,-2706,4394,1036347,9688,,,1190500,13598617,4556513,,11,,"a seguito delle verifiche quotidiane si evince che due decessi registrati oggi, risalgono ai giorni 21/01 e 17/02 2022",843886,346614,7999213,5599404,ITF,ITF3
2022-02-23T17:00:00,ITA,08,Emilia-Romagna,44.49436681,11.3417208,1630,101,1731,42781,44512,-1246,3201,1114317,15812,,,1174641,14425209,2623403,"Sono stati eliminati 4 casi, comunicati nei giorni precedenti, in quanto giudicati non casi COVID-19.",11,,,845933,328708,8410476,6014733,ITH,ITH5
2022-02-23T17:00:00,ITA,06,Friuli Venezia Giulia,45.6494354,13.76813649,299,15,314,21502,21816,-1135,838,278949,4742,,,305507,5711744,1081142,"Il totale dei casi positivi è stato ridotto di 10 a seguito di 4 tamponi molecolari negativi dopo test antigenico positivo (2 casi relativi alla provincia di UD, 1 caso relativo alla provincia di TS e 1 caso relativo alla provincia di PN) e a seguito di 6 test positivi rimossi dopo revisione dei casi (1 caso relativo alla provincia di TS, 2 casi relativi alla provincia di UD, 2 casi relativi alla provincia di PN e 1 caso proveniente da fuori regione)		 Si segnala che nei dati relativi agli ospedalizzati in Terapia Intensiva e Area Medica sono conteggiati tutti i pazienti risultati positivi a SARS-CoV2 ricoverati sia per Covid-19 che per altra patologia.		",1,,,181295,124212,3046738,2665006,ITH,ITH4
2022-02-23T17:00:00,ITA,12,Lazio,41.89277044,12.48366722,1620,139,1759,168937,170696,-13293,5639,872529,10359,,,1053584,17496383,5371140,,13,,,824665,228919,8036491,9459892,ITI,ITI4
2022-02-23T17:00:00,ITA,07,Liguria,44.41149315,8.9326992,423,23,446,15754,16200,-366,1177,319090,5076,,,340366,4731200,1224065,"Si precisa che nel flusso informativo degli ospedalizzati in Area Medica e Terapia Intensiva sono conteggiati tutti i pazienti SARS-CoV2 positivi ricoverati sia per patologia Covid-19 correlata sia per altre causa. Inoltre, si fa presente che i pazienti attualmente ospedalizzati per patologia non Covid-19 correlata ammontano a circa il 30% del totale degli ospedalizzati positivi per SARS-CoV2.",1,,*di cui  9237 reinfezioni a partire dal 3/09/2021 [circ. min sal. n.37911 del 20/08/2021].,212521,127845,2268903,2462297,ITC,ITC3
2022-02-23T17:00:00,ITA,03,Lombardia,45.46679409,9.190347404,1201,130,1331,128720,130051,-776,5534,2145120,38423,,,2313594,32723256,7787519,,1,,,1316817,996777,14958268,17764988,ITC,ITC4
2022-02-23T17:00:00,ITA,11,Marche,43.61675973,13.5188753,241,32,273,22842,23115,42,1587,293906,3566,,,320587,2699546,1717649,,3,,,201086,119501,1905667,793879,ITI,ITI3
2022-02-23T17:00:00,ITA,14,Molise,41.55774754,14.65916051,25,3,28,6526,6554,-93,260,30651,564,,,37769,475344,423619,,0,,,22205,15564,368730,106614,ITF,ITF2
2022-02-23T17:00:00,ITA,21,P.A. Bolzano,46.49933453,11.35662422,88,2,90,6945,7035,-83,603,177466,1410,,,185911,3623901,619952,"603 nuovi positivi di cui 12 test antigenici confermati da test molecolare e 544 test antigenici. A questi sono stati sottratti 1 storni di pazienti positivi al test antigenico ma negativi a test molecolare eseguito entro 3 giorni, per un totale netto di 543 positivi a test antigenico comunicati",0,,,89395,96516,842280,2781621,ITH,ITH1
2022-02-23T17:00:00,ITA,22,P.A. Trento,46.06893511,11.12123097,68,7,75,4285,4360,-138,397,131837,1513,,,137710,2365847,530856,,0,,,42380,95330,820957,1544890,ITH,ITH2
2022-02-23T17:00:00,ITA,01,Piemonte,45.0732745,7.680687483,1118,47,1165,48766,49931,-929,2393,906724,12993,,,969648,15054924,3699904,,6,,,472996,496652,4678973,10375951,ITC,ITC1
2022-02-23T17:00:00,ITA,16,Puglia,41.12559576,16.86736689,708,48,756,83340,84096,-962,3834,628023,7603,,,719722,8607108,2086983,,4,,,438100,281622,3948879,4658229,ITF,ITF4
2022-02-23T17:00:00,ITA,20,Sardegna,39.21531192,9.110616306,352,27,379,34082,34461,-1024,1609,134238,2015,,,170714,3721005,1449260,,2,,"L'incremento dei nuovi casi tiene conto anche dei casi diagnosticati con test antigenico, ai sensi di quando disposto con Ordinanza n. 2 del 3 febbraio 2022 del Presidente della Regione Sardegna. Pertanto si specifica che dei 1609 casi dichiarati oggi, 1224 sono stati diagnosticati da tampone antigenico Si segnala il decesso dei paz.:  - 1 uomo 84 aa Residente nella Città Metropolitana di Cagliari  - 1 uomo 73 aa Residente nella Provincia del Sud Sardegna  - 1 donna 88 aa Residente nella Provincia del Sud Sardegna  - 1 uomo 94 aa Residente nella Provincia del Sud Sardegna  - 1 donna 86 aa Residente nella Città Metropolitana di Cagliari  - 1 uomo 77 aa Residente nella Provincia di Sassari  - 1 uomo 80 aa Residente nella Provincia di Sassari  - 1 donna 50 aa Residente nella Provincia di Sassari  - 1 donna 82 aa Residente nella Provincia del Sud Sardegna  - 1 donna 55 aa Residente nella Provincia di Nuoro  - 1 uomo 87 aa Residente nella Provincia di Oristano  - 1 uomo 90 aa Residente nella Provincia di Oristano ",140095,30619,1762646,1958359,ITG,ITG2
2022-02-23T17:00:00,ITA,19,Sicilia,38.11569725,13.3623567,1134,81,1215,230663,231878,-16059,5272,523552,9348,,,764778,10656137,5093478,DECEDUTI: N. 8 IL 22/02/2022 - N. 15 IL 21/02/2022 - N. 4 IL 20/02/2022 - N. 3 IL 19/02/2022 - N. 1 IL 18/02/2022 - N. 1 IL 17/02/2022 - N. 1 IL 15/02/2022 - N. 1 IL 06/02/2022 - N. 1 IL 03/02/2022 - N. 1 IL 30/01/2022 - N. 1 IL 28/01/2022 - N. 1 IL 09/10/2021,7,,"Sul numero complessivo dei casi confermati comunicati in data odierna, n. 156 sono relativi a giorni precedenti al 20/02/22 (di cui n. 18 del 19/02/22 - n. 11 del 18/02/22)			",477736,287042,4343321,6312816,ITG,ITG1
2022-02-23T17:00:00,ITA,09,Toscana,43.76923077,11.25588885,937,65,1002,39857,40859,-2404,2956,795243,8887,,,844989,12065892,4327829,,11,,,548985,296004,6329740,5736152,ITI,ITI1
2022-02-23T17:00:00,ITA,10,Umbria,43.10675841,12.38824698,158,8,166,10340,10506,-152,893,168582,1724,,,180812,3665129,652160,- Si fa presente che 7 dei ricoveri non UTI appartengono ai codici disciplina di Ostetricia & Ginecologia e Pediatria. - Si fa presente che 10 dei ricoveri non UTI appartengono ad altri codici disciplina.,0,,,116852,63960,1515132,2149997,ITI,ITI2
2022-02-23T17:00:00,ITA,02,Valle d'Aosta,45.73750286,7.320149366,29,3,32,1392,1424,-23,51,29321,518,,,31263,464072,127692,,0,,,13845,17418,134180,329892,ITC,ITC2
2022-02-23T17:00:00,ITA,05,Veneto,45.43490485,12.33845213,740,54,794,63611,64405,-4602,4593,1235667,13777,,,1313849,25386060,4535259,Nei valori riportati per le terapie intensive si è verificato un disallineamento temporale del flusso informativo pertanto per convenzione è stato riportato 5 dimessi da TI  invece del n. 4 effettivi che include anche i negativizzati.,6,,,741233,572616,9260219,16125841,ITH,ITH3
