data,stato,codice_regione,denominazione_regione,lat,long,ricoverati_con_sintomi,terapia_intensiva,totale_ospedalizzati,isolamento_domiciliare,totale_positivi,variazione_totale_positivi,nuovi_positivi,dimessi_guariti,deceduti,casi_da_sospetto_diagnostico,casi_da_screening,totale_casi,tamponi,casi_testati,note,ingressi_terapia_intensiva,note_test,note_casi,totale_positivi_test_molecolare,totale_positivi_test_antigenico_rapido,tamponi_test_molecolare,tamponi_test_antigenico_rapido,codice_nuts_1,codice_nuts_2
2022-01-23T17:00:00,ITA,13,Abruzzo,42.35122196,13.39843823,412,36,448,91166,91614,3223,3394,97243,2748,,,191605,4314251,1114994,Del totale dei decessi comunicati in data odierna 3 casi sono avvenuti nei giorni scorsi.,3,,,129613,61992,1875943,2438308,ITF,ITF1
2022-01-23T17:00:00,ITA,17,Basilicata,40.63947052,15.80514834,87,5,92,16964,17056,440,972,38507,668,,,56231,641845,281843,"Il numero totale dei decessi ne comprende n. 23 a carico di pazienti non residenti, deceduti in strutture ospedaliere della Regione Basilicata.  ",1,,,51523,4708,570785,71060,ITF,ITF5
2022-01-23T17:00:00,ITA,18,Calabria,38.90597598,16.59440194,439,33,472,41363,41835,202,1329,115862,1789,,,159486,1935337,1517390,,5,,,146190,13296,1380805,554532,ITF,ITF6
2022-01-23T17:00:00,ITA,15,Campania,40.83956555,14.25084984,1384,99,1483,250910,252393,-1686,11868,685511,8885,,,946789,11720660,4280517,,8,,"a seguito delle verifiche quotidiane si evince che due decessi registrati oggi, risalgono ad un periodo compreso tra il 6/01 e l'11/01",786179,160610,7400986,4319674,ITF,ITF3
2022-01-23T17:00:00,ITA,08,Emilia-Romagna,44.49436681,11.3417208,2542,152,2694,365849,368543,10393,19603,550108,14771,,,933422,13082607,2539381,"Sono stati eliminati 16 casi, comunicati nei giorni precedenti, in quanto giudicati non casi COVID-19.",19,,,723114,210308,7924946,5157661,ITH,ITH5
2022-01-23T17:00:00,ITA,06,Friuli Venezia Giulia,45.6494354,13.76813649,450,38,488,60911,61399,770,2994,173114,4398,,,238911,5090272,1030057,"Il totale dei casi positivi è stato ridotto di 7 a seguito di 6 tamponi molecolari negativi dopo test antigenico positivo (4 casi relativi alla provincia di UD, 1 caso relativo alla provincia di PN e 1 caso relativo alla provincia di TS) e a seguito di 1 test positivo rimosso dopo revisione del caso (caso relativo alla provincia di UD).		",4,,,163416,75495,2843528,2246744,ITH,ITH4
2022-01-23T17:00:00,ITA,12,Lazio,41.89277044,12.48366722,2019,207,2226,269017,271243,6616,12651,505221,9641,,,786105,15060779,5194368,,4,,,683623,102482,7474419,7586360,ITI,ITI4
2022-01-23T17:00:00,ITA,07,Liguria,44.41149315,8.9326992,749,40,789,38675,39464,-356,4833,217846,4797,,,262107,4116368,1148903,"Si precisa che nel flusso informativo degli ospedalizzati in Area Medica e Terapia Intensiva sono conteggiati tutti i pazienti SARS-CoV2 positivi ricoverati sia per patologia Covid-19 correlata sia per altre cause. Inoltre, si fa presente che i pazienti attualmente ospedalizzati per patologia non Covid-19 correlata ammontano a circa il 30% del totale degli ospedalizzati positivi per SARS-CoV2.",3,,*di cui 5209 reinfezioni a partire dal 3/09/2021 [circ. min sal. n.37911 del 20/08/2021].,190994,71113,2145287,1971081,ITC,ITC3
2022-01-23T17:00:00,ITA,03,Lombardia,45.46679409,9.190347404,3396,267,3663,461552,465215,-18333,21700,1477358,36527,,,1979100,29227148,7451571,,14,,,1220204,758896,14164714,15062434,ITC,ITC4
2022-01-23T17:00:00,ITA,11,Marche,43.61675973,13.5188753,288,53,341,20114,20455,811,5483,198322,3348,,,222125,2362716,1463238,,3,,,178937,43188,1785429,577287,ITI,ITI3
2022-01-23T17:00:00,ITA,14,Molise,41.55774754,14.65916051,18,2,20,9291,9311,311,425,17221,522,,,27054,388636,352183,,1,,,20467,6587,336084,52552,ITF,ITF2
2022-01-23T17:00:00,ITA,21,P.A. Bolzano,46.49933453,11.35662422,106,18,124,25994,26118,-499,1761,118745,1340,,,146203,3316372,595121,"1761 nuovi positivi di cui 18 test antigenici confermati da test molecolare e 1615 test antigenici. A questi sono stati sottratti 1 storni di pazienti positivi al test antigenico ma negativi a test molecolare eseguito entro 3 giorni, per un totale netto di 1614 positivi a test antigenico comunicati",0,,"1761 nuovi positivi di cui 18 test antigenici confermati da test molecolare e 1615 test antigenici. A questi sono stati sottratti 1 storni di pazienti positivi al test antigenico ma negativi a test molecolare eseguito entro 3 giorni, per un totale netto di 1614 positivi a test antigenico comunicati",85834,60369,818712,2497660,ITH,ITH1
2022-01-23T17:00:00,ITA,22,P.A. Trento,46.06893511,11.12123097,139,23,162,26139,26301,-532,1675,82337,1461,,,110099,2138509,506936,,1,,,41105,68994,809331,1329178,ITH,ITH2
2022-01-23T17:00:00,ITA,01,Piemonte,45.0732745,7.680687483,2120,155,2275,173346,175621,2641,8673,601271,12462,,,789354,13204018,3459076,,20,,,437436,351918,4430051,8773967,ITC,ITC1
2022-01-23T17:00:00,ITA,16,Puglia,41.12559576,16.86736689,694,68,762,133721,134483,-8874,7267,403847,7124,,,545454,7248343,1938209,,2,,I dati notificati in data odierna comprendono 7267 casi confermati nelle ultime 24 ore e 3650 casi diagnosticati con tampone antigenico rapido riconteggiati dal 01.01.2022. ,384984,160470,3662581,3585762,ITF,ITF4
2022-01-23T17:00:00,ITA,20,Sardegna,39.21531192,9.110616306,287,30,317,22303,22620,237,795,91454,1797,,,115871,3168932,1345430,,4,,Si segnala il decesso dei paz.:  - 1 donna 89 aa Residente nella Città Metropolitana di Cagliari  - 1 donna 74 aa Residente nella Provincia di Oristano  - 1 uomo 92 aa Residente nella Provincia di Sassari  - 1 uomo 49 aa Residente nella Provincia di Sassari,115767,104,1627172,1541760,ITG,ITG2
2022-01-23T17:00:00,ITA,19,Sicilia,38.11569725,13.3623567,1426,164,1590,210588,212178,4363,5394,351356,8181,,,571715,9457622,3912242,DECEDUTI: N. 8 IL 22/01/22 -  N. 13  IL 21/01/22 - N. 3 IL 20/01/22,12,,,454818,116897,4131025,5326597,ITG,ITG1
2022-01-23T17:00:00,ITA,09,Toscana,43.76923077,11.25588885,1333,121,1454,177944,179398,684,10904,476816,8033,,,664247,10614854,4050957,,11,,,475170,189077,5924420,4690434,ITI,ITI1
2022-01-23T17:00:00,ITA,10,Umbria,43.10675841,12.38824698,192,8,200,24735,24935,-473,1832,115399,1593,,,141927,3301957,611128,Si fa presente che 9 dei ricoveri non UTI appartengono ai codici disciplina di Ostetricia & Ginecologia e Pediatria.,0,,,102908,39019,1438496,1863461,ITI,ITI2
2022-01-23T17:00:00,ITA,02,Valle d'Aosta,45.73750286,7.320149366,76,7,83,5822,5905,31,331,20506,500,,,26911,417748,122075,,0,,,14460,12451,131228,286520,ITC,ITC2
2022-01-23T17:00:00,ITA,05,Veneto,45.43490485,12.33845213,1470,159,1629,287190,288819,10988,14976,707205,12938,,,1008962,22397611,4371494,Nei valori riportati per le terapie intensive si è verificato un disallineamento temporale del flusso informativo pertanto per convenzione è stato riportato 22 dimessi da TI  invece del n. 14 effettivi che include anche i negativizzati.,17,,,667101,341861,8845256,13552355,ITH,ITH3
