data,stato,codice_regione,denominazione_regione,lat,long,ricoverati_con_sintomi,terapia_intensiva,totale_ospedalizzati,isolamento_domiciliare,totale_positivi,variazione_totale_positivi,nuovi_positivi,dimessi_guariti,deceduti,casi_da_sospetto_diagnostico,casi_da_screening,totale_casi,tamponi,casi_testati,note,ingressi_terapia_intensiva,note_test,note_casi,totale_positivi_test_molecolare,totale_positivi_test_antigenico_rapido,tamponi_test_molecolare,tamponi_test_antigenico_rapido,codice_nuts_1,codice_nuts_2
2022-03-10T17:00:00,ITA,13,Abruzzo,42.35122196,13.39843823,254,12,266,27984,28250,-34262,1223,243231,3015,,,274496,5135179,1173256,Del totale dei deceduti 6 sono riferiti a giorni precedenti.,2,,,160634,113862,2097959,3037220,ITF,ITF1
2022-03-10T17:00:00,ITA,17,Basilicata,40.63947052,15.80514834,92,2,94,17960,18054,-778,635,69646,785,,,88485,834991,312343,"Il numero totale dei decessi ne comprende n. 30 a carico di pazienti non residenti, deceduti in strutture ospedaliere della Regione Basilicata. ",1,,,59055,29430,622265,212726,ITF,ITF5
2022-03-10T17:00:00,ITA,18,Calabria,38.90597598,16.59440194,318,16,334,47692,48026,523,2599,185646,2164,,,235836,2389306,1817583,,3,,"L'Asp di Cosenza comunica 912 nuovi soggetti positivi di cui 8 fuori regione. Inoltre, specifica che 3 dei 5 decessi comunicati oggi sono avvenuti a domicilio a gennaio 2022, rispettivamente il 7, l’11 ed il 14 gennaio 2022.",167176,68660,1526297,863009,ITF,ITF6
2022-03-10T17:00:00,ITA,15,Campania,40.83956555,14.25084984,544,26,570,123982,124552,1163,5233,1111332,9867,,,1245751,14053783,4615656,,1,,"a seguito delle verifiche quotidiane si evince che cinque decessi registrati oggi, risalgono ad un periodo compreso tra il 25/02 e il 07/03 2022",855122,390629,8153675,5900108,ITF,ITF3
2022-03-10T17:00:00,ITA,08,Emilia-Romagna,44.49436681,11.3417208,1070,62,1132,27048,28180,46,2577,1163071,16046,,,1207297,14692727,2642213,,7,,,857840,349457,8542320,6150407,ITH,ITH5
2022-03-10T17:00:00,ITA,06,Friuli Venezia Giulia,45.6494354,13.76813649,148,12,160,17236,17396,342,791,292076,4819,,,314291,5861059,1090555,"Il totale dei casi positivi è stato ridotto di 2 a seguito di 2 test positivi rimossi dopo revisione dei casi (1 caso relativo alla provincia di PN, 1 caso Fuori Regione).		 Si segnala che nei dati relativi agli ospedalizzati in Terapia Intensiva e Area Medica sono conteggiati tutti i pazienti risultati positivi a SARS-CoV2 ricoverati sia per Covid-19 che per altra patologia.		",3,,,184234,130057,3107407,2753652,ITH,ITH4
2022-03-10T17:00:00,ITA,12,Lazio,41.89277044,12.48366722,1037,79,1116,98393,99509,-3004,6136,1008246,10546,,,1118301,18172622,5425852,,5,,,854493,263808,8197514,9975108,ITI,ITI4
2022-03-10T17:00:00,ITA,07,Liguria,44.41149315,8.9326992,248,14,262,12448,12710,16,1286,337658,5146,,,355514,4880550,1241156,,1,,*di cui  10056 reinfezioni a partire dal 3/09/2021 [circ. min sal. n.37911 del 20/08/2021]. ,216406,139108,2312125,2568425,ITC,ITC3
2022-03-10T17:00:00,ITA,03,Lombardia,45.46679409,9.190347404,776,72,848,110786,111634,-2582,5813,2228627,38870,,,2379131,33599722,7868767,,3,,,1332154,1046977,15184472,18415250,ITC,ITC4
2022-03-10T17:00:00,ITA,11,Marche,43.61675973,13.5188753,169,15,184,14215,14399,116,1893,324500,3621,,,342520,2772021,1770172,,0,,,203977,138543,1934240,837781,ITI,ITI3
2022-03-10T17:00:00,ITA,14,Molise,41.55774754,14.65916051,19,3,22,5965,5987,32,282,35100,577,,,41664,499226,450021,,0,,,22839,18825,380156,119070,ITF,ITF2
2022-03-10T17:00:00,ITA,21,P.A. Bolzano,46.49933453,11.35662422,57,3,60,5008,5068,259,601,186913,1422,,,193403,3701218,625766,,1,,,89849,103554,850046,2851172,ITH,ITH1
2022-03-10T17:00:00,ITA,22,P.A. Trento,46.06893511,11.12123097,45,2,47,2922,2969,115,328,137336,1527,,,141832,2417830,536742,,0,,,42542,99290,824871,1592959,ITH,ITH2
2022-03-10T17:00:00,ITA,01,Piemonte,45.0732745,7.680687483,635,29,664,42066,42730,498,2244,940551,13113,,,996394,15500340,3747851,,1,,,477112,519282,4743708,10756632,ITC,ITC1
2022-03-10T17:00:00,ITA,16,Puglia,41.12559576,16.86736689,543,29,572,76034,76606,1242,4713,688422,7767,,,772795,8990509,2133286,,1,,,448021,324774,4035104,4955405,ITF,ITF4
2022-03-10T17:00:00,ITA,20,Sardegna,39.21531192,9.110616306,313,18,331,23320,23651,-172,1801,163510,2106,,,189267,3860260,1482632,,1,,"L'incremento dei nuovi casi tiene conto anche dei casi diagnosticati con test antigenico, ai sensi di quando disposto con Ordinanza n. 2 del 3 febbraio 2022 del Presidente della Regione Sardegna. Pertanto si specifica che dei 1801 casi dichiarati oggi, 1427 sono stati diagnosticati da tampone antigenico Si segnala il decesso dei paz.:  - 1 uomo 63 aa Residente nella Provincia di Oristano  - 1 uomo 94 aa Residente nella Città Metropolitana di Cagliari ",143424,45843,1807585,2052675,ITG,ITG2
2022-03-10T17:00:00,ITA,19,Sicilia,38.11569725,13.3623567,869,64,933,221488,222421,2359,5528,605760,9696,,,837877,11106669,5539048,DECEDUTI: N. 4 IL 09/03/2022 - N. 6 IL 08/03/2022 - N. 1 IL 07/03/2022 - N. 1 IL 06/03/2022 - N. 1 IL 05/03/2022 - N. 1 IL 25/02/2022 - N. 1 IL 20/01/2022,5,,"Sul numero complessivo dei casi confermati comunicati in data odierna, n. 928 sono relativi a giorni precedenti al 09/03/22 (di cui n. 727 del 08/03/22, n. 58 del 07/03/22, n. 2 del 06/03/22, n. 2 del 05/03/22, n. 5 del 04/03/22)			",484018,353859,4417094,6689575,ITG,ITG1
2022-03-10T17:00:00,ITA,09,Toscana,43.76923077,11.25588885,673,43,716,24593,25309,1420,4134,850244,9184,,,884737,12426364,4407137,,5,,,562146,322591,6433642,5992722,ITI,ITI1
2022-03-10T17:00:00,ITA,10,Umbria,43.10675841,12.38824698,142,5,147,12299,12446,1102,1771,181367,1756,,,195569,3784230,665831,- Si fa presente che 2 dei ricoveri non UTI appartengono ai codici disciplina di Ostetricia & Ginecologia e Pediatria. - Si fa presente che 10 dei ricoveri non UTI appartengono ad altri codici disciplina.,1,,,120887,74682,1541994,2242236,ITI,ITI2
2022-03-10T17:00:00,ITA,02,Valle d'Aosta,45.73750286,7.320149366,16,1,17,1317,1334,8,29,29987,522,,,31843,474772,129181,,0,,,13771,18072,135263,339509,ITC,ITC2
2022-03-10T17:00:00,ITA,05,Veneto,45.43490485,12.33845213,446,38,484,49440,49924,790,4613,1303627,13944,,,1367495,26233795,4582417,,7,,,750352,617143,9405562,16828233,ITH,ITH3
